%YAML:1.0
---
type: IMU
name: rs_d455
Gyr:
   unit: " rad/s"
   avg-axis:
      gyr_n: 2.1483047214801627e-03
      gyr_w: 1.5036495212638137e-05
   x-axis:
      gyr_n: 2.1701581544938411e-03
      gyr_w: 8.3158851545877973e-06
   y-axis:
      gyr_n: 2.9353019631022360e-03
      gyr_w: 2.5501410121893456e-05
   z-axis:
      gyr_n: 1.3394540468444119e-03
      gyr_w: 1.1292190361433159e-05
Acc:
   unit: " m/s^2"
   avg-axis:
      acc_n: 1.8032560209070164e-02
      acc_w: 4.9098209065407837e-04
   x-axis:
      acc_n: 1.6780167195840877e-02
      acc_w: 3.6076023766899734e-04
   y-axis:
      acc_n: 1.7505315775689187e-02
      acc_w: 4.7227243410616284e-04
   z-axis:
      acc_n: 1.9812197655680430e-02
      acc_w: 6.3991360018707472e-04
